2
112
3
292
1
166
4
27
6
56
6
98
2
98
3
77
4
184
6
43
3
200
8
234
2
254
4
77
8
53
7
50
5
218
9
221
8
88
8
59
4
144
7
293
5
94
0
39
9
85
3
152
8
284
0
68
6
185
7
128
5
160
1
11
7
49
9
282
4
160
6
196
8
206
6
253
1
165
1
56
2
160
0
202
4
260
6
296
1
255
5
126
0
80
3
76
0
249
3
96
1
250
3
1
2
134
4
154
7
202
7
54
6
154
3
208
9
136
3
127
4
62
4
208
3
272
1
141
8
10
4
126
9
36
4
203
4
20
1
208
0
118
9
202
1
79
3
63
5
47
6
269
9
160
3
288
0
193
8
85
8
73
0
200
7
185
6
262
1
252
4
252
7
296
3
191
8
31
2
133
8
270
8
26
2
103
3
136
3
174
3
173
3
212
9
106
3
267
7
234
6
266
3
217
8
5
0
191
2
15
0
261
1
288
3
13
8
2
1
135
3
95
4
193
9
260
7
53
5
22
0
26
2
110
6
47
3
145
0
228
6
157
7
123
9
206
4
76
8
168
2
282
0
74
8
161
5
114
0
88
9
47
0
43
8
76
6
211
4
187
1
239
9
126
7
95
4
119
3
17
9
135
2
67
6
52
9
152
6
64
8
295
3
26
1
93
8
53
7
76
9
51
5
164
1
23
4
6
8
216
5
21
4
186
4
40
6
292
9
227
2
275
9
94
3
42
0
156
8
127
6
262
9
242
8
82
4
154
6
267
1
204
6
51
5
101
0
157
0
172
1
82
0
76
9
170
3
87
7
288
5
11
2
1
1
256
1
267
9
205
0
31
1
148
2
89
9
271
6
68
3
96
2
109
3
109
7
6
2
186
1
128
5
289
7
194
8
140
9
269
