0
169
0
191
6
149
8
190
2
209
0
102
8
239
5
154
9
265
2
130
7
286
9
37
6
189
6
232
9
26
2
193
2
129
7
241
6
42
1
184
0
87
8
151
4
77
3
120
2
97
3
10
7
292
1
88
5
259
2
287
6
133
7
124
2
215
3
196
2
221
5
148
0
207
5
154
1
135
0
297
9
42
2
249
6
126
8
70
3
106
2
243
4
158
2
168
6
79
0
137
9
207
1
118
6
262
6
215
1
248
7
113
0
275
6
76
6
17
8
4
5
2
0
255
4
84
2
229
9
209
7
215
8
287
7
286
3
48
5
243
5
196
1
124
1
251
5
66
1
52
0
267
0
116
1
79
2
60
1
71
8
221
6
106
2
266
2
187
3
278
3
13
3
33
3
213
5
268
1
191
6
296
3
20
0
118
1
12
0
298
6
225
0
119
3
174
0
252
9
38
8
274
2
1
3
212
6
102
9
133
2
299
2
64
7
266
8
129
4
57
5
49
6
220
8
56
5
272
1
20
5
0
1
281
2
188
6
116
6
9
6
73
8
139
8
241
3
95
3
146
0
2
7
177
8
120
2
174
6
146
6
102
1
266
7
96
6
253
2
74
4
15
9
114
8
2
4
278
0
69
1
35
6
164
6
7
3
141
0
102
3
227
2
31
7
107
1
169
8
144
3
197
5
3
8
43
4
76
2
260
9
142
7
90
0
141
8
63
7
83
9
265
7
84
1
159
2
25
0
81
7
109
6
195
1
171
4
236
8
2
6
62
7
70
8
45
7
251
6
88
9
177
9
257
7
211
1
97
6
113
2
281
4
93
1
40
0
289
2
177
2
239
9
237
3
263
9
185
4
6
6
271
8
108
4
243
8
275
3
254
1
163
0
251
5
215
0
201
9
278
